2023-04-05 03:45:31 | INFO : Logging threshold tuning for experiment softdtw_schubert_cqttarget_neither_w4_overtones_bias0.2
2023-04-05 03:45:31 | INFO : Model output (predictions) taken from: /home/ALABSAD/stst/multipitch_softdtw/predictions/softdtw_schubert_cqttarget_neither_w4_overtones_bias0.2
2023-04-05 03:45:31 | INFO : MPE threshold tuned on: ['FI66', 'TR99']
2023-04-05 03:45:31 | INFO : MPE evaluation of best threshold on: ['HU33', 'SC06']
2023-04-05 03:45:31 | INFO : Tested threshold values: [0.   0.01 0.02 0.03 0.04 0.05 0.06 0.07 0.08 0.09 0.1  0.11 0.12 0.13
 0.14 0.15 0.16 0.17 0.18 0.19 0.2  0.21 0.22 0.23 0.24 0.25 0.26 0.27
 0.28 0.29 0.3  0.31 0.32 0.33 0.34 0.35 0.36 0.37 0.38 0.39 0.4  0.41
 0.42 0.43 0.44 0.45 0.46 0.47 0.48 0.49 0.5  0.51 0.52 0.53 0.54 0.55
 0.56 0.57 0.58 0.59 0.6  0.61 0.62 0.63 0.64 0.65 0.66 0.67 0.68 0.69
 0.7  0.71 0.72 0.73 0.74 0.75 0.76 0.77 0.78 0.79 0.8  0.81 0.82 0.83
 0.84 0.85 0.86 0.87 0.88 0.89 0.9  0.91 0.92 0.93 0.94 0.95 0.96 0.97
 0.98 0.99 1.  ]
2023-04-05 03:45:31 | INFO : ===============================================================
2023-04-05 03:47:09 | INFO : - file Schubert_D911-14_TR99.npy added to tuning data.
2023-04-05 03:48:05 | INFO : - file Schubert_D911-15_FI66.npy added to tuning data.
2023-04-05 03:49:07 | INFO : - file Schubert_D911-16_TR99.npy added to tuning data.
2023-04-05 03:50:36 | INFO : - file Schubert_D911-14_FI66.npy added to tuning data.
2023-04-05 03:51:33 | INFO : - file Schubert_D911-15_TR99.npy added to tuning data.
2023-04-05 03:52:38 | INFO : - file Schubert_D911-16_FI66.npy added to tuning data.
2023-04-05 03:52:38 | INFO : ===============================================================
2023-04-05 03:52:38 | INFO : 

--- Performance on tuning (val) data - threshold 0.0: -----------
2023-04-05 03:52:38 | INFO : Mean precision:   0.04239690365218223
2023-04-05 03:52:38 | INFO : Mean recall:   1.0
2023-04-05 03:52:38 | INFO : Mean f_measure:   0.08129560447756211
2023-04-05 03:52:38 | INFO : Mean cosine_sim:   0.6252838728712025
2023-04-05 03:52:38 | INFO : Mean binary_crossentropy:   0.1943871929305188
2023-04-05 03:52:38 | INFO : Mean euclidean_distance:   1.4871999279576038
2023-04-05 03:52:38 | INFO : Mean binary_accuracy:   0.04239690365218223
2023-04-05 03:52:38 | INFO : Mean soft_accuracy:   0.9341706273202893
2023-04-05 03:52:38 | INFO : Mean accum_energy:   0.6127871084544955
2023-04-05 03:52:38 | INFO : Mean roc_auc_measure:   0.9388269042912806
2023-04-05 03:52:38 | INFO : Mean average_precision_score:   0.5576523305965487
2023-04-05 03:52:38 | INFO : Mean Precision:   0.04239690365218223
2023-04-05 03:52:38 | INFO : Mean Recall:   1.0
2023-04-05 03:52:38 | INFO : Mean Accuracy:   0.04239690365218223
2023-04-05 03:52:38 | INFO : Mean Substitution Error:   0.0
2023-04-05 03:52:38 | INFO : Mean Miss Error:   0.0
2023-04-05 03:52:38 | INFO : Mean False Alarm Error:   22.941868063756583
2023-04-05 03:52:38 | INFO : Mean Total Error:   22.941868063756583
2023-04-05 03:52:38 | INFO : Mean Chroma Precision:   0.04239690365218223
2023-04-05 03:52:38 | INFO : Mean Chroma Recall:   1.0
2023-04-05 03:52:38 | INFO : Mean Chroma Accuracy:   0.04239690365218223
2023-04-05 03:52:38 | INFO : Mean Chroma Substitution Error:   0.0
2023-04-05 03:52:38 | INFO : Mean Chroma Miss Error:   0.0
2023-04-05 03:52:38 | INFO : Mean Chroma False Alarm Error:   22.941868063756583
2023-04-05 03:52:38 | INFO : Mean Chroma Total Error:   22.941868063756583
2023-04-05 03:52:38 | INFO : 

2023-04-05 03:52:38 | INFO : Framewise precision:   0.04347662207377253
2023-04-05 03:52:38 | INFO : Framewise recall:   1.0
2023-04-05 03:52:38 | INFO : Framewise f_measure:   0.08327793375749762
2023-04-05 03:52:38 | INFO : Framewise cosine_sim:   0.6254054596441823
2023-04-05 03:52:38 | INFO : Framewise binary_crossentropy:   0.1969430631260591
2023-04-05 03:52:38 | INFO : Framewise euclidean_distance:   1.500523216239476
2023-04-05 03:52:38 | INFO : Framewise binary_accuracy:   0.04347662207377253
2023-04-05 03:52:38 | INFO : Framewise soft_accuracy:   0.9335686240505413
2023-04-05 03:52:38 | INFO : Framewise accum_energy:   0.6065334409832103
2023-04-05 03:52:38 | INFO : Framewise roc_auc_measure:   0.9381412790171135
2023-04-05 03:52:38 | INFO : Framewise average_precision_score:   0.5600994504688104
2023-04-05 03:52:38 | INFO : Framewise Precision:   0.04347662207377253
2023-04-05 03:52:38 | INFO : Framewise Recall:   1.0
2023-04-05 03:52:38 | INFO : Framewise Accuracy:   0.04347662207377253
2023-04-05 03:52:38 | INFO : Framewise Substitution Error:   0.0
2023-04-05 03:52:38 | INFO : Framewise Miss Error:   0.0
2023-04-05 03:52:38 | INFO : Framewise False Alarm Error:   22.366504083095844
2023-04-05 03:52:38 | INFO : Framewise Total Error:   22.366504083095844
2023-04-05 03:52:38 | INFO : Framewise Chroma Precision:   0.04347662207377253
2023-04-05 03:52:38 | INFO : Framewise Chroma Recall:   1.0
2023-04-05 03:52:38 | INFO : Framewise Chroma Accuracy:   0.04347662207377253
2023-04-05 03:52:38 | INFO : Framewise Chroma Substitution Error:   0.0
2023-04-05 03:52:38 | INFO : Framewise Chroma Miss Error:   0.0
2023-04-05 03:52:38 | INFO : Framewise Chroma False Alarm Error:   22.366504083095844
2023-04-05 03:52:38 | INFO : Framewise Chroma Total Error:   22.366504083095844
2023-04-05 03:52:38 | INFO : 

--- Performance on tuning (val) data - threshold 0.01: -----------
2023-04-05 03:52:38 | INFO : Mean precision:   0.15883622695441002
2023-04-05 03:52:38 | INFO : Mean recall:   0.9189713919704473
2023-04-05 03:52:38 | INFO : Mean f_measure:   0.2701568256007494
2023-04-05 03:52:38 | INFO : Mean cosine_sim:   0.6252838728712025
2023-04-05 03:52:38 | INFO : Mean binary_crossentropy:   0.1943871929305188
2023-04-05 03:52:38 | INFO : Mean euclidean_distance:   1.4871999279576038
2023-04-05 03:52:38 | INFO : Mean binary_accuracy:   0.7889613592733339
2023-04-05 03:52:38 | INFO : Mean soft_accuracy:   0.9341706273202893
2023-04-05 03:52:38 | INFO : Mean accum_energy:   0.6127871084544955
2023-04-05 03:52:38 | INFO : Mean roc_auc_measure:   0.9388269042912806
2023-04-05 03:52:38 | INFO : Mean average_precision_score:   0.5576523305965487
2023-04-05 03:52:38 | INFO : Mean Precision:   0.15883622695441002
2023-04-05 03:52:38 | INFO : Mean Recall:   0.9189713919704473
2023-04-05 03:52:38 | INFO : Mean Accuracy:   0.15655435811172017
2023-04-05 03:52:38 | INFO : Mean Substitution Error:   0.08091403049329698
2023-04-05 03:52:38 | INFO : Mean Miss Error:   0.00011457753625560611
2023-04-05 03:52:38 | INFO : Mean False Alarm Error:   4.891557170501837
2023-04-05 03:52:38 | INFO : Mean Total Error:   4.97258577853139
2023-04-05 03:52:38 | INFO : Mean Chroma Precision:   0.16983069192748848
2023-04-05 03:52:38 | INFO : Mean Chroma Recall:   0.980807522522588
2023-04-05 03:52:38 | INFO : Mean Chroma Accuracy:   0.1692952846897858
2023-04-05 03:52:38 | INFO : Mean Chroma Substitution Error:   0.01907789994115655
2023-04-05 03:52:38 | INFO : Mean Chroma Miss Error:   0.00011457753625560611
2023-04-05 03:52:38 | INFO : Mean Chroma False Alarm Error:   4.891557170501837
2023-04-05 03:52:38 | INFO : Mean Chroma Total Error:   4.91074964797925
2023-04-05 03:52:38 | INFO : 

2023-04-05 03:52:38 | INFO : Framewise precision:   0.16297443751420207
2023-04-05 03:52:38 | INFO : Framewise recall:   0.91647175092824
2023-04-05 03:52:38 | INFO : Framewise f_measure:   0.27593931411642875
2023-04-05 03:52:38 | INFO : Framewise cosine_sim:   0.6254054596441823
2023-04-05 03:52:38 | INFO : Framewise binary_crossentropy:   0.1969430631260591
2023-04-05 03:52:38 | INFO : Framewise euclidean_distance:   1.500523216239476
2023-04-05 03:52:38 | INFO : Framewise binary_accuracy:   0.7902731387250723
2023-04-05 03:52:38 | INFO : Framewise soft_accuracy:   0.9335686240505413
2023-04-05 03:52:38 | INFO : Framewise accum_energy:   0.6065334409832103
2023-04-05 03:52:38 | INFO : Framewise roc_auc_measure:   0.9381412790171135
2023-04-05 03:52:38 | INFO : Framewise average_precision_score:   0.5600994504688104
2023-04-05 03:52:38 | INFO : Framewise Precision:   0.16297443751420207
2023-04-05 03:52:38 | INFO : Framewise Recall:   0.91647175092824
2023-04-05 03:52:38 | INFO : Framewise Accuracy:   0.1604867604654306
2023-04-05 03:52:38 | INFO : Framewise Substitution Error:   0.08337198088351475
2023-04-05 03:52:38 | INFO : Framewise Miss Error:   0.0001562681882452771
2023-04-05 03:52:38 | INFO : Framewise False Alarm Error:   4.740747250149131
2023-04-05 03:52:38 | INFO : Framewise Total Error:   4.8242754992208905
2023-04-05 03:52:38 | INFO : Framewise Chroma Precision:   0.17487955819724543
2023-04-05 03:52:38 | INFO : Framewise Chroma Recall:   0.9815165713454763
2023-04-05 03:52:38 | INFO : Framewise Chroma Accuracy:   0.17433597104385642
2023-04-05 03:52:38 | INFO : Framewise Chroma Substitution Error:   0.018327160466278396
2023-04-05 03:52:38 | INFO : Framewise Chroma Miss Error:   0.0001562681882452771
2023-04-05 03:52:38 | INFO : Framewise Chroma False Alarm Error:   4.740747250149131
2023-04-05 03:52:38 | INFO : Framewise Chroma Total Error:   4.759230678803654
2023-04-05 03:52:38 | INFO : 

--- Performance on tuning (val) data - threshold 0.02: -----------
2023-04-05 03:52:38 | INFO : Mean precision:   0.16942821229256286
2023-04-05 03:52:38 | INFO : Mean recall:   0.9102795327870131
2023-04-05 03:52:38 | INFO : Mean f_measure:   0.2849601469244141
2023-04-05 03:52:38 | INFO : Mean cosine_sim:   0.6252838728712025
2023-04-05 03:52:38 | INFO : Mean binary_crossentropy:   0.1943871929305188
2023-04-05 03:52:38 | INFO : Mean euclidean_distance:   1.4871999279576038
2023-04-05 03:52:38 | INFO : Mean binary_accuracy:   0.8059710791750218
2023-04-05 03:52:38 | INFO : Mean soft_accuracy:   0.9341706273202893
2023-04-05 03:52:38 | INFO : Mean accum_energy:   0.6127871084544955
2023-04-05 03:52:38 | INFO : Mean roc_auc_measure:   0.9388269042912806
2023-04-05 03:52:38 | INFO : Mean average_precision_score:   0.5576523305965487
2023-04-05 03:52:38 | INFO : Mean Precision:   0.16942821229256286
2023-04-05 03:52:38 | INFO : Mean Recall:   0.9102795327870131
2023-04-05 03:52:38 | INFO : Mean Accuracy:   0.16654135112068083
2023-04-05 03:52:38 | INFO : Mean Substitution Error:   0.0894967682136308
2023-04-05 03:52:38 | INFO : Mean Miss Error:   0.00022369899935618338
2023-04-05 03:52:38 | INFO : Mean False Alarm Error:   4.463722128479622
2023-04-05 03:52:38 | INFO : Mean Total Error:   4.553442595692609
2023-04-05 03:52:38 | INFO : Mean Chroma Precision:   0.18209601198250872
2023-04-05 03:52:38 | INFO : Mean Chroma Recall:   0.9765126977842234
2023-04-05 03:52:38 | INFO : Mean Chroma Accuracy:   0.18132699454183251
2023-04-05 03:52:38 | INFO : Mean Chroma Substitution Error:   0.02326360321642033
2023-04-05 03:52:38 | INFO : Mean Chroma Miss Error:   0.00022369899935618338
2023-04-05 03:52:38 | INFO : Mean Chroma False Alarm Error:   4.463722128479622
2023-04-05 03:52:38 | INFO : Mean Chroma Total Error:   4.4872094306953985
2023-04-05 03:52:38 | INFO : 

2023-04-05 03:52:38 | INFO : Framewise precision:   0.17356460841760316
2023-04-05 03:52:38 | INFO : Framewise recall:   0.9074734809196198
2023-04-05 03:52:38 | INFO : Framewise f_measure:   0.2905744026048758
2023-04-05 03:52:38 | INFO : Framewise cosine_sim:   0.6254054596441823
2023-04-05 03:52:38 | INFO : Framewise binary_crossentropy:   0.1969430631260591
2023-04-05 03:52:38 | INFO : Framewise euclidean_distance:   1.500523216239476
2023-04-05 03:52:38 | INFO : Framewise binary_accuracy:   0.8069483586451646
2023-04-05 03:52:38 | INFO : Framewise soft_accuracy:   0.9335686240505413
2023-04-05 03:52:38 | INFO : Framewise accum_energy:   0.6065334409832103
2023-04-05 03:52:38 | INFO : Framewise roc_auc_measure:   0.9381412790171135
2023-04-05 03:52:38 | INFO : Framewise average_precision_score:   0.5600994504688104
2023-04-05 03:52:38 | INFO : Framewise Precision:   0.17356460841760316
2023-04-05 03:52:38 | INFO : Framewise Recall:   0.9074734809196198
2023-04-05 03:52:38 | INFO : Framewise Accuracy:   0.17042558854883808
2023-04-05 03:52:38 | INFO : Framewise Substitution Error:   0.09222142404618701
2023-04-05 03:52:38 | INFO : Framewise Miss Error:   0.0003050950341931601
2023-04-05 03:52:38 | INFO : Framewise False Alarm Error:   4.329333100789935
2023-04-05 03:52:38 | INFO : Framewise Total Error:   4.4218596198703155
2023-04-05 03:52:38 | INFO : Framewise Chroma Precision:   0.18727536511732928
2023-04-05 03:52:38 | INFO : Framewise Chroma Recall:   0.9771967473386044
2023-04-05 03:52:38 | INFO : Framewise Chroma Accuracy:   0.18648863540629754
2023-04-05 03:52:38 | INFO : Framewise Chroma Substitution Error:   0.02249815762720247
2023-04-05 03:52:38 | INFO : Framewise Chroma Miss Error:   0.0003050950341931601
2023-04-05 03:52:38 | INFO : Framewise Chroma False Alarm Error:   4.329333100789935
2023-04-05 03:52:38 | INFO : Framewise Chroma Total Error:   4.35213635345133
2023-04-05 03:52:38 | INFO : 

--- Performance on tuning (val) data - threshold 0.03: -----------
2023-04-05 03:52:38 | INFO : Mean precision:   0.1762467800108164
2023-04-05 03:52:38 | INFO : Mean recall:   0.9055017367862953
2023-04-05 03:52:38 | INFO : Mean f_measure:   0.2943327648813573
2023-04-05 03:52:38 | INFO : Mean cosine_sim:   0.6252838728712025
2023-04-05 03:52:38 | INFO : Mean binary_crossentropy:   0.1943871929305188
2023-04-05 03:52:38 | INFO : Mean euclidean_distance:   1.4871999279576038
2023-04-05 03:52:38 | INFO : Mean binary_accuracy:   0.8156846032298767
2023-04-05 03:52:38 | INFO : Mean soft_accuracy:   0.9341706273202893
2023-04-05 03:52:38 | INFO : Mean accum_energy:   0.6127871084544955
2023-04-05 03:52:38 | INFO : Mean roc_auc_measure:   0.9388269042912806
2023-04-05 03:52:38 | INFO : Mean average_precision_score:   0.5576523305965487
2023-04-05 03:52:38 | INFO : Mean Precision:   0.1762467800108164
2023-04-05 03:52:38 | INFO : Mean Recall:   0.9055017367862953
2023-04-05 03:52:38 | INFO : Mean Accuracy:   0.1729474873436291
2023-04-05 03:52:38 | INFO : Mean Substitution Error:   0.09418181097071299
2023-04-05 03:52:38 | INFO : Mean Miss Error:   0.00031645224299167404
2023-04-05 03:52:38 | INFO : Mean False Alarm Error:   4.219895153083132
2023-04-05 03:52:38 | INFO : Mean Total Error:   4.314393416296837
2023-04-05 03:52:38 | INFO : Mean Chroma Precision:   0.18989784690604863
2023-04-05 03:52:38 | INFO : Mean Chroma Recall:   0.9737766125160637
2023-04-05 03:52:38 | INFO : Mean Chroma Accuracy:   0.1889522085411335
2023-04-05 03:52:38 | INFO : Mean Chroma Substitution Error:   0.02590693524094471
2023-04-05 03:52:38 | INFO : Mean Chroma Miss Error:   0.00031645224299167404
2023-04-05 03:52:38 | INFO : Mean Chroma False Alarm Error:   4.219895153083132
2023-04-05 03:52:38 | INFO : Mean Chroma Total Error:   4.2461185405670685
2023-04-05 03:52:38 | INFO : 

2023-04-05 03:52:38 | INFO : Framewise precision:   0.18034618153412801
2023-04-05 03:52:38 | INFO : Framewise recall:   0.9024460979544623
2023-04-05 03:52:38 | INFO : Framewise f_measure:   0.29978791871884
2023-04-05 03:52:38 | INFO : Framewise cosine_sim:   0.6254054596441823
2023-04-05 03:52:38 | INFO : Framewise binary_crossentropy:   0.1969430631260591
2023-04-05 03:52:38 | INFO : Framewise euclidean_distance:   1.500523216239476
2023-04-05 03:52:38 | INFO : Framewise binary_accuracy:   0.8164573294133336
2023-04-05 03:52:38 | INFO : Framewise soft_accuracy:   0.9335686240505413
2023-04-05 03:52:38 | INFO : Framewise accum_energy:   0.6065334409832103
2023-04-05 03:52:38 | INFO : Framewise roc_auc_measure:   0.9381412790171135
2023-04-05 03:52:38 | INFO : Framewise average_precision_score:   0.5600994504688104
2023-04-05 03:52:38 | INFO : Framewise Precision:   0.18034618153412801
2023-04-05 03:52:38 | INFO : Framewise Recall:   0.9024460979544623
2023-04-05 03:52:38 | INFO : Framewise Accuracy:   0.17676211512308454
2023-04-05 03:52:38 | INFO : Framewise Substitution Error:   0.09712230419228884
2023-04-05 03:52:38 | INFO : Framewise Miss Error:   0.0004315978532488606
2023-04-05 03:52:38 | INFO : Framewise False Alarm Error:   4.094999331522908
2023-04-05 03:52:38 | INFO : Framewise Total Error:   4.1925532335684474
2023-04-05 03:52:38 | INFO : Framewise Chroma Precision:   0.1951215430794269
2023-04-05 03:52:38 | INFO : Framewise Chroma Recall:   0.9743727191551207
2023-04-05 03:52:38 | INFO : Framewise Chroma Accuracy:   0.19414858009231442
2023-04-05 03:52:38 | INFO : Framewise Chroma Substitution Error:   0.02519568299163036
2023-04-05 03:52:38 | INFO : Framewise Chroma Miss Error:   0.0004315978532488606
2023-04-05 03:52:38 | INFO : Framewise Chroma False Alarm Error:   4.094999331522908
2023-04-05 03:52:38 | INFO : Framewise Chroma Total Error:   4.120626612367788
2023-04-05 03:52:38 | INFO : 

--- Performance on tuning (val) data - threshold 0.04: -----------
2023-04-05 03:52:38 | INFO : Mean precision:   0.1814074330859663
2023-04-05 03:52:38 | INFO : Mean recall:   0.9020651213649583
2023-04-05 03:52:38 | INFO : Mean f_measure:   0.301336282192688
2023-04-05 03:52:38 | INFO : Mean cosine_sim:   0.6252838728712025
2023-04-05 03:52:38 | INFO : Mean binary_crossentropy:   0.1943871929305188
2023-04-05 03:52:38 | INFO : Mean euclidean_distance:   1.4871999279576038
2023-04-05 03:52:38 | INFO : Mean binary_accuracy:   0.8225081067174923
2023-04-05 03:52:38 | INFO : Mean soft_accuracy:   0.9341706273202893
2023-04-05 03:52:38 | INFO : Mean accum_energy:   0.6127871084544955
2023-04-05 03:52:38 | INFO : Mean roc_auc_measure:   0.9388269042912806
2023-04-05 03:52:38 | INFO : Mean average_precision_score:   0.5576523305965487
2023-04-05 03:52:38 | INFO : Mean Precision:   0.1814074330859663
2023-04-05 03:52:38 | INFO : Mean Recall:   0.9020651213649583
2023-04-05 03:52:38 | INFO : Mean Accuracy:   0.17777861251102692
2023-04-05 03:52:38 | INFO : Mean Substitution Error:   0.09755295351418962
2023-04-05 03:52:38 | INFO : Mean Miss Error:   0.00038192512085202037
2023-04-05 03:52:38 | INFO : Mean False Alarm Error:   4.048434223125269
2023-04-05 03:52:38 | INFO : Mean Total Error:   4.14636910176031
2023-04-05 03:52:38 | INFO : Mean Chroma Precision:   0.1957374595446689
2023-04-05 03:52:38 | INFO : Mean Chroma Recall:   0.9713961375543488
2023-04-05 03:52:38 | INFO : Mean Chroma Accuracy:   0.1946348742969258
2023-04-05 03:52:38 | INFO : Mean Chroma Substitution Error:   0.028221937324799117
2023-04-05 03:52:38 | INFO : Mean Chroma Miss Error:   0.00038192512085202037
2023-04-05 03:52:38 | INFO : Mean Chroma False Alarm Error:   4.048434223125269
2023-04-05 03:52:38 | INFO : Mean Chroma Total Error:   4.077038085570919
2023-04-05 03:52:38 | INFO : 

2023-04-05 03:52:38 | INFO : Framewise precision:   0.18546236882616007
2023-04-05 03:52:38 | INFO : Framewise recall:   0.8987949673324959
2023-04-05 03:52:38 | INFO : Framewise f_measure:   0.30664789224641414
2023-04-05 03:52:38 | INFO : Framewise cosine_sim:   0.6254054596441823
2023-04-05 03:52:38 | INFO : Framewise binary_crossentropy:   0.1969430631260591
2023-04-05 03:52:38 | INFO : Framewise euclidean_distance:   1.500523216239476
2023-04-05 03:52:38 | INFO : Framewise binary_accuracy:   0.8231321289192747
2023-04-05 03:52:38 | INFO : Framewise soft_accuracy:   0.9335686240505413
2023-04-05 03:52:38 | INFO : Framewise accum_energy:   0.6065334409832103
2023-04-05 03:52:38 | INFO : Framewise roc_auc_measure:   0.9381412790171135
2023-04-05 03:52:38 | INFO : Framewise average_precision_score:   0.5600994504688104
2023-04-05 03:52:38 | INFO : Framewise Precision:   0.18546236882616007
2023-04-05 03:52:38 | INFO : Framewise Recall:   0.8987949673324959
2023-04-05 03:52:38 | INFO : Framewise Accuracy:   0.18152264757942538
2023-04-05 03:52:38 | INFO : Framewise Substitution Error:   0.10068413870668642
2023-04-05 03:52:38 | INFO : Framewise Miss Error:   0.0005208939608175902
2023-04-05 03:52:38 | INFO : Framewise False Alarm Error:   3.930224379532806
2023-04-05 03:52:38 | INFO : Framewise Total Error:   4.03142941220031
2023-04-05 03:52:38 | INFO : Framewise Chroma Precision:   0.20099095764405192
2023-04-05 03:52:38 | INFO : Framewise Chroma Recall:   0.9719608458109085
2023-04-05 03:52:38 | INFO : Framewise Chroma Accuracy:   0.19985476131968022
2023-04-05 03:52:38 | INFO : Framewise Chroma Substitution Error:   0.0275182602282738
2023-04-05 03:52:38 | INFO : Framewise Chroma Miss Error:   0.0005208939608175902
2023-04-05 03:52:38 | INFO : Framewise Chroma False Alarm Error:   3.930224379532806
2023-04-05 03:52:38 | INFO : Framewise Chroma Total Error:   3.958263533721897
2023-04-05 03:52:38 | INFO : 

--- Performance on tuning (val) data - threshold 0.05: -----------
2023-04-05 03:52:38 | INFO : Mean precision:   0.18572678771800497
2023-04-05 03:52:38 | INFO : Mean recall:   0.8996082515443874
2023-04-05 03:52:38 | INFO : Mean f_measure:   0.3071507309671189
2023-04-05 03:52:38 | INFO : Mean cosine_sim:   0.6252838728712025
2023-04-05 03:52:38 | INFO : Mean binary_crossentropy:   0.1943871929305188
2023-04-05 03:52:38 | INFO : Mean euclidean_distance:   1.4871999279576038
2023-04-05 03:52:38 | INFO : Mean binary_accuracy:   0.8278446348304876
2023-04-05 03:52:38 | INFO : Mean soft_accuracy:   0.9341706273202893
2023-04-05 03:52:38 | INFO : Mean accum_energy:   0.6127871084544955
2023-04-05 03:52:38 | INFO : Mean roc_auc_measure:   0.9388269042912806
2023-04-05 03:52:38 | INFO : Mean average_precision_score:   0.5576523305965487
2023-04-05 03:52:38 | INFO : Mean Precision:   0.18572678771800497
2023-04-05 03:52:38 | INFO : Mean Recall:   0.8996082515443874
2023-04-05 03:52:38 | INFO : Mean Accuracy:   0.18182188845238423
2023-04-05 03:52:38 | INFO : Mean Substitution Error:   0.09995526260321036
2023-04-05 03:52:38 | INFO : Mean Miss Error:   0.000436485852402309
2023-04-05 03:52:38 | INFO : Mean False Alarm Error:   3.915187732482202
2023-04-05 03:52:38 | INFO : Mean Total Error:   4.015579480937815
2023-04-05 03:52:38 | INFO : Mean Chroma Precision:   0.20057749110547562
2023-04-05 03:52:38 | INFO : Mean Chroma Recall:   0.9695557186268601
2023-04-05 03:52:38 | INFO : Mean Chroma Accuracy:   0.1993401122785785
2023-04-05 03:52:38 | INFO : Mean Chroma Substitution Error:   0.030007795520737526
2023-04-05 03:52:38 | INFO : Mean Chroma Miss Error:   0.000436485852402309
2023-04-05 03:52:38 | INFO : Mean Chroma False Alarm Error:   3.915187732482202
2023-04-05 03:52:38 | INFO : Mean Chroma Total Error:   3.9456320138553416
2023-04-05 03:52:38 | INFO : 

2023-04-05 03:52:38 | INFO : Framewise precision:   0.18977004047907153
2023-04-05 03:52:38 | INFO : Framewise recall:   0.8961573601647199
2023-04-05 03:52:38 | INFO : Framewise f_measure:   0.3123772269841057
2023-04-05 03:52:38 | INFO : Framewise cosine_sim:   0.6254054596441823
2023-04-05 03:52:38 | INFO : Framewise binary_crossentropy:   0.1969430631260591
2023-04-05 03:52:38 | INFO : Framewise euclidean_distance:   1.500523216239476
2023-04-05 03:52:38 | INFO : Framewise binary_accuracy:   0.828382594274249
2023-04-05 03:52:38 | INFO : Framewise soft_accuracy:   0.9335686240505413
2023-04-05 03:52:38 | INFO : Framewise accum_energy:   0.6065334409832103
2023-04-05 03:52:38 | INFO : Framewise roc_auc_measure:   0.9381412790171135
2023-04-05 03:52:38 | INFO : Framewise average_precision_score:   0.5600994504688104
2023-04-05 03:52:38 | INFO : Framewise Precision:   0.18977004047907153
2023-04-05 03:52:38 | INFO : Framewise Recall:   0.8961573601647199
2023-04-05 03:52:38 | INFO : Framewise Accuracy:   0.18553058670259198
2023-04-05 03:52:38 | INFO : Framewise Substitution Error:   0.10324733245148837
2023-04-05 03:52:38 | INFO : Framewise Miss Error:   0.0005953073837915319
2023-04-05 03:52:38 | INFO : Framewise False Alarm Error:   3.801489354832209
2023-04-05 03:52:38 | INFO : Framewise Total Error:   3.9053319946674887
2023-04-05 03:52:38 | INFO : Framewise Chroma Precision:   0.20588509594589133
2023-04-05 03:52:38 | INFO : Framewise Chroma Recall:   0.970098599885872
2023-04-05 03:52:38 | INFO : Framewise Chroma Accuracy:   0.20460830127252505
2023-04-05 03:52:38 | INFO : Framewise Chroma Substitution Error:   0.029306092730336582
2023-04-05 03:52:38 | INFO : Framewise Chroma Miss Error:   0.0005953073837915319
2023-04-05 03:52:38 | INFO : Framewise Chroma False Alarm Error:   3.801489354832209
2023-04-05 03:52:38 | INFO : Framewise Chroma Total Error:   3.831390754946337
2023-04-05 03:52:38 | INFO : 

--- Performance on tuning (val) data - threshold 0.06: -----------
2023-04-05 03:52:38 | INFO : Mean precision:   0.18943953708117242
2023-04-05 03:52:38 | INFO : Mean recall:   0.8972509986028486
2023-04-05 03:52:38 | INFO : Mean f_measure:   0.31209305248177666
2023-04-05 03:52:38 | INFO : Mean cosine_sim:   0.6252838728712025
2023-04-05 03:52:38 | INFO : Mean binary_crossentropy:   0.1943871929305188
2023-04-05 03:52:38 | INFO : Mean euclidean_distance:   1.4871999279576038
2023-04-05 03:52:38 | INFO : Mean binary_accuracy:   0.8322816011143975
2023-04-05 03:52:38 | INFO : Mean soft_accuracy:   0.9341706273202893
2023-04-05 03:52:38 | INFO : Mean accum_energy:   0.6127871084544955
2023-04-05 03:52:38 | INFO : Mean roc_auc_measure:   0.9388269042912806
2023-04-05 03:52:38 | INFO : Mean average_precision_score:   0.5576523305965487
2023-04-05 03:52:38 | INFO : Mean Precision:   0.18943953708117242
2023-04-05 03:52:38 | INFO : Mean Recall:   0.8972509986028486
2023-04-05 03:52:38 | INFO : Mean Accuracy:   0.18527583787590185
2023-04-05 03:52:38 | INFO : Mean Substitution Error:   0.10224081062568717
2023-04-05 03:52:38 | INFO : Mean Miss Error:   0.0005081907714641374
2023-04-05 03:52:38 | INFO : Mean False Alarm Error:   3.8036303554261415
2023-04-05 03:52:38 | INFO : Mean Total Error:   3.9063793568232925
2023-04-05 03:52:38 | INFO : Mean Chroma Precision:   0.2047921468713646
2023-04-05 03:52:38 | INFO : Mean Chroma Recall:   0.9679438947747205
2023-04-05 03:52:38 | INFO : Mean Chroma Accuracy:   0.203428107114587
2023-04-05 03:52:38 | INFO : Mean Chroma Substitution Error:   0.03154791445381532
2023-04-05 03:52:38 | INFO : Mean Chroma Miss Error:   0.0005081907714641374
2023-04-05 03:52:38 | INFO : Mean Chroma False Alarm Error:   3.8036303554261415
2023-04-05 03:52:38 | INFO : Mean Chroma Total Error:   3.8356864606514205
2023-04-05 03:52:38 | INFO : 

2023-04-05 03:52:38 | INFO : Framewise precision:   0.19344998148434006
2023-04-05 03:52:38 | INFO : Framewise recall:   0.8936584302915473
2023-04-05 03:52:38 | INFO : Framewise f_measure:   0.3172163414690846
2023-04-05 03:52:38 | INFO : Framewise cosine_sim:   0.6254054596441823
2023-04-05 03:52:38 | INFO : Framewise binary_crossentropy:   0.1969430631260591
2023-04-05 03:52:38 | INFO : Framewise euclidean_distance:   1.500523216239476
2023-04-05 03:52:38 | INFO : Framewise binary_accuracy:   0.8327262697957075
2023-04-05 03:52:38 | INFO : Framewise soft_accuracy:   0.9335686240505413
2023-04-05 03:52:38 | INFO : Framewise accum_energy:   0.6065334409832103
2023-04-05 03:52:38 | INFO : Framewise roc_auc_measure:   0.9381412790171135
2023-04-05 03:52:38 | INFO : Framewise average_precision_score:   0.5600994504688104
2023-04-05 03:52:38 | INFO : Framewise Precision:   0.19344998148434006
2023-04-05 03:52:38 | INFO : Framewise Recall:   0.8936584302915473
2023-04-05 03:52:38 | INFO : Framewise Accuracy:   0.188932103210659
2023-04-05 03:52:38 | INFO : Framewise Substitution Error:   0.1056499836174205
2023-04-05 03:52:38 | INFO : Framewise Miss Error:   0.0006915860910321831
2023-04-05 03:52:38 | INFO : Framewise False Alarm Error:   3.6941645042341706
2023-04-05 03:52:38 | INFO : Framewise Total Error:   3.8005060739426235
2023-04-05 03:52:38 | INFO : Framewise Chroma Precision:   0.21011957974302134
2023-04-05 03:52:38 | INFO : Framewise Chroma Recall:   0.9684619633788042
2023-04-05 03:52:38 | INFO : Framewise Chroma Accuracy:   0.2087109811020487
2023-04-05 03:52:38 | INFO : Framewise Chroma Substitution Error:   0.030846450530163536
2023-04-05 03:52:38 | INFO : Framewise Chroma Miss Error:   0.0006915860910321831
2023-04-05 03:52:38 | INFO : Framewise Chroma False Alarm Error:   3.6941645042341706
2023-04-05 03:52:38 | INFO : Framewise Chroma Total Error:   3.725702540855367
2023-04-05 03:52:38 | INFO : 

--- Performance on tuning (val) data - threshold 0.07: -----------
2023-04-05 03:52:38 | INFO : Mean precision:   0.19274441732571823
2023-04-05 03:52:38 | INFO : Mean recall:   0.8950265094188673
2023-04-05 03:52:38 | INFO : Mean f_measure:   0.3164499853245167
2023-04-05 03:52:38 | INFO : Mean cosine_sim:   0.6252838728712025
2023-04-05 03:52:38 | INFO : Mean binary_crossentropy:   0.1943871929305188
2023-04-05 03:52:38 | INFO : Mean euclidean_distance:   1.4871999279576038
2023-04-05 03:52:38 | INFO : Mean binary_accuracy:   0.8360931635487473
2023-04-05 03:52:38 | INFO : Mean soft_accuracy:   0.9341706273202893
2023-04-05 03:52:38 | INFO : Mean accum_energy:   0.6127871084544955
2023-04-05 03:52:38 | INFO : Mean roc_auc_measure:   0.9388269042912806
2023-04-05 03:52:38 | INFO : Mean average_precision_score:   0.5576523305965487
2023-04-05 03:52:38 | INFO : Mean Precision:   0.19274441732571823
2023-04-05 03:52:38 | INFO : Mean Recall:   0.8950265094188673
2023-04-05 03:52:38 | INFO : Mean Accuracy:   0.18833654381451967
2023-04-05 03:52:38 | INFO : Mean Substitution Error:   0.10438516998790064
2023-04-05 03:52:38 | INFO : Mean Miss Error:   0.0005883205932321118
2023-04-05 03:52:38 | INFO : Mean False Alarm Error:   3.7072252007284536
2023-04-05 03:52:38 | INFO : Mean Total Error:   3.8121986913095864
2023-04-05 03:52:38 | INFO : Mean Chroma Precision:   0.2085161255242175
2023-04-05 03:52:38 | INFO : Mean Chroma Recall:   0.9662371132332392
2023-04-05 03:52:38 | INFO : Mean Chroma Accuracy:   0.20701958589370104
2023-04-05 03:52:38 | INFO : Mean Chroma Substitution Error:   0.03317456617352846
2023-04-05 03:52:38 | INFO : Mean Chroma Miss Error:   0.0005883205932321118
2023-04-05 03:52:38 | INFO : Mean Chroma False Alarm Error:   3.7072252007284536
2023-04-05 03:52:38 | INFO : Mean Chroma Total Error:   3.7409880874952144
2023-04-05 03:52:38 | INFO : 

2023-04-05 03:52:38 | INFO : Framewise precision:   0.19671008787477076
2023-04-05 03:52:38 | INFO : Framewise recall:   0.8913172922379884
2023-04-05 03:52:38 | INFO : Framewise f_measure:   0.3214616402347501
2023-04-05 03:52:38 | INFO : Framewise cosine_sim:   0.6254054596441823
2023-04-05 03:52:38 | INFO : Framewise binary_crossentropy:   0.1969430631260591
2023-04-05 03:52:38 | INFO : Framewise euclidean_distance:   1.500523216239476
2023-04-05 03:52:38 | INFO : Framewise binary_accuracy:   0.8364465726098731
2023-04-05 03:52:38 | INFO : Framewise soft_accuracy:   0.9335686240505413
2023-04-05 03:52:38 | INFO : Framewise accum_energy:   0.6065334409832103
2023-04-05 03:52:38 | INFO : Framewise roc_auc_measure:   0.9381412790171135
2023-04-05 03:52:38 | INFO : Framewise average_precision_score:   0.5600994504688104
2023-04-05 03:52:38 | INFO : Framewise Precision:   0.19671008787477076
2023-04-05 03:52:38 | INFO : Framewise Recall:   0.8913172922379884
2023-04-05 03:52:38 | INFO : Framewise Accuracy:   0.19193099026765895
2023-04-05 03:52:38 | INFO : Framewise Substitution Error:   0.10789227586301928
2023-04-05 03:52:38 | INFO : Framewise Miss Error:   0.0007904318989923266
2023-04-05 03:52:38 | INFO : Framewise False Alarm Error:   3.6016705240600753
2023-04-05 03:52:38 | INFO : Framewise Total Error:   3.7103532318220878
2023-04-05 03:52:38 | INFO : Framewise Chroma Precision:   0.2138349478383106
2023-04-05 03:52:38 | INFO : Framewise Chroma Recall:   0.9666998596232405
2023-04-05 03:52:38 | INFO : Framewise Chroma Accuracy:   0.21228710846983842
2023-04-05 03:52:38 | INFO : Framewise Chroma Substitution Error:   0.03250970847776712
2023-04-05 03:52:38 | INFO : Framewise Chroma Miss Error:   0.0007904318989923266
2023-04-05 03:52:38 | INFO : Framewise Chroma False Alarm Error:   3.6016705240600753
2023-04-05 03:52:38 | INFO : Framewise Chroma Total Error:   3.634970664436836
2023-04-05 03:52:38 | INFO : 

--- Performance on tuning (val) data - threshold 0.08: -----------
2023-04-05 03:52:38 | INFO : Mean precision:   0.19583218323323567
2023-04-05 03:52:38 | INFO : Mean recall:   0.8927707310078605
2023-04-05 03:52:38 | INFO : Mean f_measure:   0.320475549873912
2023-04-05 03:52:38 | INFO : Mean cosine_sim:   0.6252838728712025
2023-04-05 03:52:38 | INFO : Mean binary_crossentropy:   0.1943871929305188
2023-04-05 03:52:38 | INFO : Mean euclidean_distance:   1.4871999279576038
2023-04-05 03:52:38 | INFO : Mean binary_accuracy:   0.8395413985018593
2023-04-05 03:52:38 | INFO : Mean soft_accuracy:   0.9341706273202893
2023-04-05 03:52:38 | INFO : Mean accum_energy:   0.6127871084544955
2023-04-05 03:52:38 | INFO : Mean roc_auc_measure:   0.9388269042912806
2023-04-05 03:52:38 | INFO : Mean average_precision_score:   0.5576523305965487
2023-04-05 03:52:38 | INFO : Mean Precision:   0.19583218323323567
2023-04-05 03:52:38 | INFO : Mean Recall:   0.8927707310078605
2023-04-05 03:52:38 | INFO : Mean Accuracy:   0.19118110988863382
2023-04-05 03:52:38 | INFO : Mean Substitution Error:   0.10659718549138768
2023-04-05 03:52:38 | INFO : Mean Miss Error:   0.0006320835007516798
2023-04-05 03:52:38 | INFO : Mean False Alarm Error:   3.619558410214182
2023-04-05 03:52:38 | INFO : Mean Total Error:   3.7267876792063213
2023-04-05 03:52:38 | INFO : Mean Chroma Precision:   0.21202624240281207
2023-04-05 03:52:38 | INFO : Mean Chroma Recall:   0.9645719189945946
2023-04-05 03:52:38 | INFO : Mean Chroma Accuracy:   0.21039905774811785
2023-04-05 03:52:38 | INFO : Mean Chroma Substitution Error:   0.03479599750465367
2023-04-05 03:52:38 | INFO : Mean Chroma Miss Error:   0.0006320835007516798
2023-04-05 03:52:38 | INFO : Mean Chroma False Alarm Error:   3.619558410214182
2023-04-05 03:52:38 | INFO : Mean Chroma Total Error:   3.6549864912195873
2023-04-05 03:52:38 | INFO : 

2023-04-05 03:52:38 | INFO : Framewise precision:   0.19976794487480165
2023-04-05 03:52:38 | INFO : Framewise recall:   0.8890007463283719
2023-04-05 03:52:38 | INFO : Framewise f_measure:   0.32540183309146437
2023-04-05 03:52:38 | INFO : Framewise cosine_sim:   0.6254054596441823
2023-04-05 03:52:38 | INFO : Framewise binary_crossentropy:   0.1969430631260591
2023-04-05 03:52:38 | INFO : Framewise euclidean_distance:   1.500523216239476
2023-04-05 03:52:38 | INFO : Framewise binary_accuracy:   0.8398203961751008
2023-04-05 03:52:38 | INFO : Framewise soft_accuracy:   0.9335686240505413
2023-04-05 03:52:38 | INFO : Framewise accum_energy:   0.6065334409832103
2023-04-05 03:52:38 | INFO : Framewise roc_auc_measure:   0.9381412790171135
2023-04-05 03:52:38 | INFO : Framewise average_precision_score:   0.5600994504688104
2023-04-05 03:52:38 | INFO : Framewise Precision:   0.19976794487480165
2023-04-05 03:52:38 | INFO : Framewise Recall:   0.8890007463283719
2023-04-05 03:52:38 | INFO : Framewise Accuracy:   0.19473071847951703
2023-04-05 03:52:38 | INFO : Framewise Substitution Error:   0.11015625162578865
2023-04-05 03:52:38 | INFO : Framewise Miss Error:   0.0008430020458392546
2023-04-05 03:52:38 | INFO : Framewise False Alarm Error:   3.517455093444332
2023-04-05 03:52:38 | INFO : Framewise Total Error:   3.6284543471159605
2023-04-05 03:52:38 | INFO : Framewise Chroma Precision:   0.21735402305495666
2023-04-05 03:52:38 | INFO : Framewise Chroma Recall:   0.9650432202360043
2023-04-05 03:52:38 | INFO : Framewise Chroma Accuracy:   0.21567205314697216
2023-04-05 03:52:38 | INFO : Framewise Chroma Substitution Error:   0.03411377771815638
2023-04-05 03:52:38 | INFO : Framewise Chroma Miss Error:   0.0008430020458392546
2023-04-05 03:52:38 | INFO : Framewise Chroma False Alarm Error:   3.517455093444332
2023-04-05 03:52:38 | INFO : Framewise Chroma Total Error:   3.5524118732083276
2023-04-05 03:52:38 | INFO : 

--- Performance on tuning (val) data - threshold 0.09: -----------
2023-04-05 03:52:38 | INFO : Mean precision:   0.19868635687097458
2023-04-05 03:52:38 | INFO : Mean recall:   0.8907300615262203
2023-04-05 03:52:38 | INFO : Mean f_measure:   0.3241779428187898
2023-04-05 03:52:38 | INFO : Mean cosine_sim:   0.6252838728712025
2023-04-05 03:52:38 | INFO : Mean binary_crossentropy:   0.1943871929305188
2023-04-05 03:52:38 | INFO : Mean euclidean_distance:   1.4871999279576038
2023-04-05 03:52:38 | INFO : Mean binary_accuracy:   0.8426303329656791
2023-04-05 03:52:38 | INFO : Mean soft_accuracy:   0.9341706273202893
2023-04-05 03:52:38 | INFO : Mean accum_energy:   0.6127871084544955
2023-04-05 03:52:38 | INFO : Mean roc_auc_measure:   0.9388269042912806
2023-04-05 03:52:38 | INFO : Mean average_precision_score:   0.5576523305965487
2023-04-05 03:52:38 | INFO : Mean Precision:   0.19868635687097458
2023-04-05 03:52:38 | INFO : Mean Recall:   0.8907300615262203
2023-04-05 03:52:38 | INFO : Mean Accuracy:   0.19380835945258104
2023-04-05 03:52:38 | INFO : Mean Substitution Error:   0.10857811183006666
2023-04-05 03:52:38 | INFO : Mean Miss Error:   0.0006918266437131079
2023-04-05 03:52:38 | INFO : Mean False Alarm Error:   3.5408862496593425
2023-04-05 03:52:38 | INFO : Mean Total Error:   3.6501561881331224
2023-04-05 03:52:38 | INFO : Mean Chroma Precision:   0.2152668044251552
2023-04-05 03:52:38 | INFO : Mean Chroma Recall:   0.9630718427168468
2023-04-05 03:52:38 | INFO : Mean Chroma Accuracy:   0.2135157200337686
2023-04-05 03:52:38 | INFO : Mean Chroma Substitution Error:   0.03623633063944017
2023-04-05 03:52:38 | INFO : Mean Chroma Miss Error:   0.0006918266437131079
2023-04-05 03:52:38 | INFO : Mean Chroma False Alarm Error:   3.5408862496593425
2023-04-05 03:52:38 | INFO : Mean Chroma Total Error:   3.5778144069424953
2023-04-05 03:52:38 | INFO : 

2023-04-05 03:52:38 | INFO : Framewise precision:   0.20258057230532264
2023-04-05 03:52:38 | INFO : Framewise recall:   0.8869291189319167
2023-04-05 03:52:38 | INFO : Framewise f_measure:   0.32901047654385346
2023-04-05 03:52:38 | INFO : Framewise cosine_sim:   0.6254054596441823
2023-04-05 03:52:38 | INFO : Framewise binary_crossentropy:   0.1969430631260591
2023-04-05 03:52:38 | INFO : Framewise euclidean_distance:   1.500523216239476
2023-04-05 03:52:38 | INFO : Framewise binary_accuracy:   0.8428317937477167
2023-04-05 03:52:38 | INFO : Framewise soft_accuracy:   0.9335686240505413
2023-04-05 03:52:38 | INFO : Framewise accum_energy:   0.6065334409832103
2023-04-05 03:52:38 | INFO : Framewise roc_auc_measure:   0.9381412790171135
2023-04-05 03:52:38 | INFO : Framewise average_precision_score:   0.5600994504688104
2023-04-05 03:52:38 | INFO : Framewise Precision:   0.20258057230532264
2023-04-05 03:52:38 | INFO : Framewise Recall:   0.8869291189319167
2023-04-05 03:52:38 | INFO : Framewise Accuracy:   0.19730491142641474
2023-04-05 03:52:38 | INFO : Framewise Substitution Error:   0.11215275547719217
2023-04-05 03:52:38 | INFO : Framewise Miss Error:   0.0009181255908911015
2023-04-05 03:52:38 | INFO : Framewise False Alarm Error:   3.4421718175699754
2023-04-05 03:52:38 | INFO : Framewise Total Error:   3.5552426986380596
2023-04-05 03:52:38 | INFO : Framewise Chroma Precision:   0.22058001146803605
2023-04-05 03:52:38 | INFO : Framewise Chroma Recall:   0.963547908372776
2023-04-05 03:52:38 | INFO : Framewise Chroma Accuracy:   0.21877108117207625
2023-04-05 03:52:38 | INFO : Framewise Chroma Substitution Error:   0.03553396603633288
2023-04-05 03:52:38 | INFO : Framewise Chroma Miss Error:   0.0009181255908911015
2023-04-05 03:52:38 | INFO : Framewise Chroma False Alarm Error:   3.4421718175699754
2023-04-05 03:52:38 | INFO : Framewise Chroma Total Error:   3.4786239091972
2023-04-05 03:52:38 | INFO : 

--- Performance on tuning (val) data - threshold 0.1: -----------
2023-04-05 03:52:38 | INFO : Mean precision:   0.20840284169632595
